436106
779381
799824
645715
156572
861052
855433
901547
538293
133163
249986
626698
827335
563575
602770
289428
399684
198068
651532
489264
795339
524246
905687
502385
464485
836934
104532
713121
713637
994881
270515
556205
131441
707389
112652
548300
868470
916192
122017
781671
689752
445514
473989
682209
925110
691769
468723
386574
809197
526824
610743
710835
566882
128258
716024
497205
185771
344844
894450
230454
418045
390313
849230
778102
945344
879873
509818
719216
627435
589288
222395
738120
307097
247988
594770
391862
281054
349067
362960
648523
613115
131508
399096
799965
450477
325064
314191
742521
925486
670453
608388
407552
816262
504247
537717
205388
211288
174024
460032
685106
578331
101365
145759
224738
378668
769568
147987
428767
418954
668474
639413
226789
450774
338399
569920
286665
471182
463354
926160
432423
193191
986802
773118
433541
929944
408529
720553
753339
445779
703549
844649
383485
778707
443406
720404
209751
355084
597070
423156
871032
828789
991994
354642
649665
824096
416108
424946
852989
255912
227483
927113
358961
498124
750811
119043
832970
590257
129326
144604
402916
670464
302711
656538
632846
564594
792344
627696
145451
469271
313084
804670
399623
159291
606926
667498
840277
126443
989039
862155
432540
503798
367748
207220
133476
158956
634964
358290
711903
191049
121075
717942
600095
323918
855298
858830
168251
597357
217921
523798
557097
785903
237298
502184
830424
644453
946945
440093
447788
145324
967267
255224
305220
655881
836935
627145
358137
582143
939410
678790
115228
919239
269017
719384
207528
622415
850976
604073
599847
129718
287513
320679
215465
747372
116013
917171
792967
546183
282279
881358
638747
635876
848658
595216
927689
537542
482754
550880
659247
751152
904407
350362
407949
955797
774937
646016
294934
604933
218919
937945
879261
195647
134759
740137
144919
723702
561612
203230
276668
557886
785272
952487
930856
351768
371626
143954
133357
143131
343909
209218
114796
899346
967366
706114
824188
365363
735872
957143
472497
243614
508959
466430
707583
136207
371026
261402
390112
885123
557796
281623
198726
733191
657415
884482
747655
502444
775775
786335
233817
633143
261262
930827
208788
107937
429522
472676
728261
675200
541341
288424
116100
203567
165837
721929
833841
937686
172141
458188
348918
509684
898353
421390
321216
813378
594663
192262
259238
174168
343684
613102
679231
194700
194595
900220
248975
108076
299114
783909
892990
225010
747367
866986
352433
519203
640523
247170
675479
339605
493099
164447
833257
553553
517923
475922
938641
661676
990024
548894
197820
956241
129368
506040
170081
429137
310564
198094
166702
855000
723929
777941
837266
293302
955227
999328
812527
701312
744885
908704
540896
449267
509462
130154
841608
994242
607791
316626
386073
116233
886388
674124
676036
684984
309927
355741
351523
444435
837076
232016
646229
145960
653163
528096
268141
943417
592529
925246
837588
628447
979277
458424
580549
956889
717325
326083
347116
980378
739087
323212
884486
780812
720706
610291
739800
574075
576490
113640
308707
405875
286545
398099
527779
281627
165953
620293
727427
614242
809250
108860
365977
257314
335678
799408
666772
206067
197915
891991
761943
145140
780960
454564
780364
218404
276562
568838
466958
566499
291736
480721
459541
973123
146078
306809
518895
887537
459558
135622
112861
733549
829025
199296
226358
975748
997585
326868
812475
505378
156948
197415
418880
706005
860733
732304
139750
222834
683084
979531
915741
295694
645659
327512
703980
694112
808799
723472
112316
481196
723104
330061
922259
962101
936583
270354
405391
167443
170429
950022
966349
224240
312172
172813
356143
101142
474140
383263
873778
755236
533825
889791
342292
645032
180624
319395
873741
937916
293181
318719
643994
614444
431884
247731
235962
363175
246929
275345
599974
535697
879579
734646
520289
322122
703000
778553
490587
833718
664120
872010
334497
844461
305557
558449
269167
950455
596422
273415
233798
686527
648427
579519
538694
565063
583133
935503
165885
187455
684226
125142
371848
773929
518833
512605
519234
776963
173158
965041
421766
990500
233918
460823
185975
714522
836787
290295
286303
378143
686607
779119
349582
117718
768115
349271
200253
510748
871600
464206
279364
398756
882840
643914
289887
944873
822678
710619
376013
499750
958082
782293
960805
227588
203664
547928
809960
578168
528249
497691
182218
415463
318224
184349
246139
406887
363705
612779
123131
181538
224167
731663
121623
489475
197962
253233
242949
747693
802483
932561
647407
623291
439419
999144
430281
592347
272258
957855
366796
741125
555925
866562
339855
789890
420132
214878
701890
469638
376785
351724
359535
179785
305381
501277
972926
374364
785011
618685
345349
222139
462076
886124
555570
227768
232879
681691
838576
942514
387286
709194
359892
284557
942949
666409
910030
229062
173794
508466
604875
785155
738972
650629
550484
157377
870861
485437
808797
877600
811955
735141
148685
425423
249089
249376
628283
578452
720176
259525
461887
866599
953051
127416
901734
117064
891916
147217
654525
220931
459513
681433
943925
863090
150177
228618
750337
851063
231563
608673
410027
165781
635095
921544
482470
111678
232597
440873
163492
181579
605336
525234
729186
883537
935427
798444
273671
414813
776081
268574
746862
707736
271034
260440
363251
242352
396977
724896
878648
105162
507394
884966
469381
176749
749573
671032
475360
547534
200572
861714
485793
925792
999356
882185
360186
230835
888165
436476
494184
899883
184309
235833
198557
288640
296747
747563
390615
409072
971042
178247
676787
835932
205367
451110
354655
135716
798917
779444
339932
432068
532987
823490
645101
181359
868578
696719
632051
671243
109782
534754
541513
368226
300703
591744
907775
256379
561297
402643
767620
345063
488756
226727
743356
478701
736783
307910
144264
382608
894396
897357
469913
221622
159355
485926
485748
330382
761061
118947
949739
809425
912962
677962
973254
101541
676947
426352
297424
524752
822060
878594
675033
909865
936877
505536
279643
546540
286609
359505
794340
607504
347590
255419
425288
471792
741929
354605
673399
403194
304460
347287
384710
779912
277704
376929
352780
365709
711868
718207
680433
199218
765636
341754
118301
926244
763042
408087
197645
644139
544900
888426
711012
649044
440144
657884
576818
863065
434367
909414
997863
346380
243655
363918
602650
491676
262847
493839
386681
772178
821107
779179
396130
944786
349869
804205
508234
127069
324413
333055
780695
796645
844921
241731
782533
779623
394629
386727
507605
775066
906560
120117
151798
282424
593193
122887
263303
193288
245862
843980
128825
925255
704810
501060
884368
382493
926735
224496
913429
840084
662500
851334
778549
152800
985835
876498
656399
198237
880122
141461
489661
149861
510709
721826
543472
868306
926223
118162
134481
104099
422878
123239
746557
393737
354086
834138
551552
775962
637937
915700
729975
168470
563476
809522
430187
109372
728844
343828
545031
827204
532310
352146
714876
143152
103578
850320
452050
855199
621658
496672
792045